87
1 16 3 3 2 1 1 0.001 1
1 32 16 3 2 1 1 0.001 1
1 32 32 1 1 0 1 0.001 1
1 8 16 3 1 1 1 0.001 1
1 16 8 3 1 1 1 0.001 1
1 64 48 1 1 0 1 0.001 1
1 64 64 3 2 1 1 0.001 1
1 64 64 1 1 0 1 0.001 1
1 16 32 3 1 1 1 0.001 1
1 32 16 3 1 1 1 0.001 1
1 128 96 1 1 0 1 0.001 1
1 128 128 3 2 1 1 0.001 1
1 128 128 1 1 0 1 0.001 1
1 32 64 1 1 0 1 0.001 1
1 32 32 3 1 1 1 0.001 1
1 32 32 3 1 1 1 0.001 1
1 32 32 3 1 1 1 0.001 1
1 32 32 3 1 1 1 0.001 1
1 32 64 1 1 0 1 0.001 1
1 64 64 1 1 0 1 0.001 1
1 128 192 1 1 0 1 0.001 1
1 256 128 3 2 1 1 0.001 1
1 256 256 1 1 0 1 0.001 1
1 64 128 1 1 0 1 0.001 1
1 64 64 3 1 1 1 0.001 1
1 64 64 3 1 1 1 0.001 1
1 64 64 3 1 1 1 0.001 1
1 64 64 3 1 1 1 0.001 1
1 64 128 1 1 0 1 0.001 1
1 128 128 1 1 0 1 0.001 1
1 256 384 1 1 0 1 0.001 1
1 128 256 1 1 0 1 0.001 0
1 256 512 1 1 0 1 0.001 1
1 256 256 1 1 0 1 0.001 1
1 256 128 1 1 0 1 0.001 0
1 128 128 1 1 0 1 0.001 0
1 128 1 3 1 1 128 0.001 0
1 256 128 1 1 0 1 0.001 1
1 128 256 1 1 0 1 0.001 0
1 256 256 1 1 0 1 0.001 1
1 128 384 1 1 0 1 0.001 1
1 32 64 3 1 1 1 0.001 1
1 64 32 3 1 1 1 0.001 1
1 128 192 1 1 0 1 0.001 1
1 64 256 1 1 0 1 0.001 1
1 16 32 3 1 1 1 0.001 1
1 32 16 3 1 1 1 0.001 1
1 64 96 1 1 0 1 0.001 1
1 64 64 3 2 1 1 0.001 1
1 128 192 1 1 0 1 0.001 1
1 32 64 3 1 1 1 0.001 1
1 64 32 3 1 1 1 0.001 1
1 128 192 1 1 0 1 0.001 1
1 128 128 3 2 1 1 0.001 1
1 256 384 1 1 0 1 0.001 1
1 64 128 1 1 0 1 0.001 1
1 64 64 3 1 1 1 0.001 1
1 64 64 3 1 1 1 0.001 1
1 64 64 3 1 1 1 0.001 1
1 64 64 3 1 1 1 0.001 1
1 64 128 1 1 0 1 0.001 1
1 128 128 1 1 0 1 0.001 1
1 256 384 1 1 0 1 0.001 1
1 64 64 3 1 1 1 0.001 1
1 64 64 3 1 1 1 0.001 1
0 64 64 1 1 0 1 0 0
1 64 1 3 1 1 64 0.001 1
1 80 64 1 1 0 1 0.001 1
1 80 1 3 1 1 80 0.001 1
1 80 80 1 1 0 1 0.001 1
0 80 80 1 1 0 1 0 0
1 64 128 3 1 1 1 0.001 1
1 64 64 3 1 1 1 0.001 1
0 64 64 1 1 0 1 0 0
1 128 1 3 1 1 128 0.001 1
1 80 128 1 1 0 1 0.001 1
1 80 1 3 1 1 80 0.001 1
1 80 80 1 1 0 1 0.001 1
0 80 80 1 1 0 1 0 0
1 64 256 3 1 1 1 0.001 1
1 64 64 3 1 1 1 0.001 1
0 64 64 1 1 0 1 0 0
1 256 1 3 1 1 256 0.001 1
1 80 256 1 1 0 1 0.001 1
1 80 1 3 1 1 80 0.001 1
1 80 80 1 1 0 1 0.001 1
0 80 80 1 1 0 1 0 0
