87
1 32 3 3 2 1 1 0.001 1
1 64 32 3 2 1 1 0.001 1
1 64 64 1 1 0 1 0.001 1
1 16 32 3 1 1 1 0.001 1
1 32 16 3 1 1 1 0.001 1
1 128 96 1 1 0 1 0.001 1
1 128 128 3 2 1 1 0.001 1
1 128 128 1 1 0 1 0.001 1
1 32 64 3 1 1 1 0.001 1
1 64 32 3 1 1 1 0.001 1
1 256 192 1 1 0 1 0.001 1
1 256 256 3 2 1 1 0.001 1
1 256 256 1 1 0 1 0.001 1
1 64 128 1 1 0 1 0.001 1
1 64 64 3 1 1 1 0.001 1
1 64 64 3 1 1 1 0.001 1
1 64 64 3 1 1 1 0.001 1
1 64 64 3 1 1 1 0.001 1
1 64 128 1 1 0 1 0.001 1
1 128 128 1 1 0 1 0.001 1
1 256 384 1 1 0 1 0.001 1
1 512 256 3 2 1 1 0.001 1
1 512 512 1 1 0 1 0.001 1
1 128 256 1 1 0 1 0.001 1
1 128 128 3 1 1 1 0.001 1
1 128 128 3 1 1 1 0.001 1
1 128 128 3 1 1 1 0.001 1
1 128 128 3 1 1 1 0.001 1
1 128 256 1 1 0 1 0.001 1
1 256 256 1 1 0 1 0.001 1
1 512 768 1 1 0 1 0.001 1
1 256 512 1 1 0 1 0.001 0
1 512 1024 1 1 0 1 0.001 1
1 512 512 1 1 0 1 0.001 1
1 512 256 1 1 0 1 0.001 0
1 256 256 1 1 0 1 0.001 0
1 256 1 3 1 1 256 0.001 0
1 512 256 1 1 0 1 0.001 1
1 256 512 1 1 0 1 0.001 0
1 512 512 1 1 0 1 0.001 1
1 256 768 1 1 0 1 0.001 1
1 64 128 3 1 1 1 0.001 1
1 128 64 3 1 1 1 0.001 1
1 256 384 1 1 0 1 0.001 1
1 128 512 1 1 0 1 0.001 1
1 32 64 3 1 1 1 0.001 1
1 64 32 3 1 1 1 0.001 1
1 128 192 1 1 0 1 0.001 1
1 128 128 3 2 1 1 0.001 1
1 256 384 1 1 0 1 0.001 1
1 64 128 3 1 1 1 0.001 1
1 128 64 3 1 1 1 0.001 1
1 256 384 1 1 0 1 0.001 1
1 256 256 3 2 1 1 0.001 1
1 512 768 1 1 0 1 0.001 1
1 128 256 1 1 0 1 0.001 1
1 128 128 3 1 1 1 0.001 1
1 128 128 3 1 1 1 0.001 1
1 128 128 3 1 1 1 0.001 1
1 128 128 3 1 1 1 0.001 1
1 128 256 1 1 0 1 0.001 1
1 256 256 1 1 0 1 0.001 1
1 512 768 1 1 0 1 0.001 1
1 64 128 3 1 1 1 0.001 1
1 64 64 3 1 1 1 0.001 1
0 64 64 1 1 0 1 0 0
1 128 1 3 1 1 128 0.001 1
1 128 128 1 1 0 1 0.001 1
1 128 1 3 1 1 128 0.001 1
1 128 128 1 1 0 1 0.001 1
0 80 128 1 1 0 1 0 0
1 64 256 3 1 1 1 0.001 1
1 64 64 3 1 1 1 0.001 1
0 64 64 1 1 0 1 0 0
1 256 1 3 1 1 256 0.001 1
1 128 256 1 1 0 1 0.001 1
1 128 1 3 1 1 128 0.001 1
1 128 128 1 1 0 1 0.001 1
0 80 128 1 1 0 1 0 0
1 64 512 3 1 1 1 0.001 1
1 64 64 3 1 1 1 0.001 1
0 64 64 1 1 0 1 0 0
1 512 1 3 1 1 512 0.001 1
1 128 512 1 1 0 1 0.001 1
1 128 1 3 1 1 128 0.001 1
1 128 128 1 1 0 1 0.001 1
0 80 128 1 1 0 1 0 0
