173
1 96 3 3 2 1 1 0.001 1
1 192 96 3 2 1 1 0.001 1
1 192 192 1 1 0 1 0.001 1
1 48 96 1 1 0 1 0.001 1
1 48 48 3 1 1 1 0.001 1
1 48 48 3 1 1 1 0.001 1
1 48 48 3 1 1 1 0.001 1
1 48 48 3 1 1 1 0.001 1
1 48 96 1 1 0 1 0.001 1
1 96 96 1 1 0 1 0.001 1
1 48 96 1 1 0 1 0.001 1
1 48 48 3 1 1 1 0.001 1
1 48 48 3 1 1 1 0.001 1
1 48 48 3 1 1 1 0.001 1
1 48 48 3 1 1 1 0.001 1
1 48 96 1 1 0 1 0.001 1
1 96 96 1 1 0 1 0.001 1
1 384 384 1 1 0 1 0.001 1
1 384 384 3 2 1 1 0.001 1
1 384 384 1 1 0 1 0.001 1
1 96 192 1 1 0 1 0.001 1
1 96 96 3 1 1 1 0.001 1
1 96 96 3 1 1 1 0.001 1
1 96 96 3 1 1 1 0.001 1
1 96 96 3 1 1 1 0.001 1
1 96 192 1 1 0 1 0.001 1
1 192 192 1 1 0 1 0.001 1
1 96 192 1 1 0 1 0.001 1
1 96 96 3 1 1 1 0.001 1
1 96 96 3 1 1 1 0.001 1
1 96 96 3 1 1 1 0.001 1
1 96 96 3 1 1 1 0.001 1
1 96 192 1 1 0 1 0.001 1
1 192 192 1 1 0 1 0.001 1
1 768 768 1 1 0 1 0.001 1
1 768 768 3 2 1 1 0.001 1
1 768 768 1 1 0 1 0.001 1
1 192 384 1 1 0 1 0.001 1
1 192 192 3 1 1 1 0.001 1
1 192 192 3 1 1 1 0.001 1
1 192 192 3 1 1 1 0.001 1
1 192 192 3 1 1 1 0.001 1
1 192 384 1 1 0 1 0.001 1
1 384 384 1 1 0 1 0.001 1
1 192 384 1 1 0 1 0.001 1
1 192 192 3 1 1 1 0.001 1
1 192 192 3 1 1 1 0.001 1
1 192 192 3 1 1 1 0.001 1
1 192 192 3 1 1 1 0.001 1
1 192 384 1 1 0 1 0.001 1
1 384 384 1 1 0 1 0.001 1
1 768 1536 1 1 0 1 0.001 1
1 768 768 3 2 1 1 0.001 1
1 768 768 1 1 0 1 0.001 1
1 192 384 1 1 0 1 0.001 1
1 192 192 3 1 1 1 0.001 1
1 192 192 3 1 1 1 0.001 1
1 192 192 3 1 1 1 0.001 1
1 192 192 3 1 1 1 0.001 1
1 192 384 1 1 0 1 0.001 1
1 384 384 1 1 0 1 0.001 1
1 192 384 1 1 0 1 0.001 1
1 192 192 3 1 1 1 0.001 1
1 192 192 3 1 1 1 0.001 1
1 192 192 3 1 1 1 0.001 1
1 192 192 3 1 1 1 0.001 1
1 192 384 1 1 0 1 0.001 1
1 384 384 1 1 0 1 0.001 1
1 768 1536 1 1 0 1 0.001 1
1 384 768 1 1 0 1 0.001 0
1 768 1536 1 1 0 1 0.001 1
1 768 768 1 1 0 1 0.001 1
1 768 384 1 1 0 1 0.001 0
1 384 384 1 1 0 1 0.001 0
1 384 1 3 1 1 384 0.001 0
1 768 384 1 1 0 1 0.001 1
1 384 768 1 1 0 1 0.001 0
1 768 384 1 1 0 1 0.001 0
1 384 384 1 1 0 1 0.001 0
1 384 1 3 1 1 384 0.001 0
1 768 384 1 1 0 1 0.001 1
1 384 768 1 1 0 1 0.001 0
1 768 768 1 1 0 1 0.001 1
1 768 1536 1 1 0 1 0.001 1
1 192 384 1 1 0 1 0.001 1
1 192 192 3 1 1 1 0.001 1
1 192 192 3 1 1 1 0.001 1
1 192 192 3 1 1 1 0.001 1
1 192 192 3 1 1 1 0.001 1
1 192 384 1 1 0 1 0.001 1
1 384 384 1 1 0 1 0.001 1
1 192 384 1 1 0 1 0.001 1
1 192 192 3 1 1 1 0.001 1
1 192 192 3 1 1 1 0.001 1
1 192 192 3 1 1 1 0.001 1
1 192 192 3 1 1 1 0.001 1
1 192 384 1 1 0 1 0.001 1
1 384 384 1 1 0 1 0.001 1
1 768 1536 1 1 0 1 0.001 1
1 384 1536 1 1 0 1 0.001 1
1 96 192 1 1 0 1 0.001 1
1 96 96 3 1 1 1 0.001 1
1 96 96 3 1 1 1 0.001 1
1 96 96 3 1 1 1 0.001 1
1 96 96 3 1 1 1 0.001 1
1 96 192 1 1 0 1 0.001 1
1 192 192 1 1 0 1 0.001 1
1 96 192 1 1 0 1 0.001 1
1 96 96 3 1 1 1 0.001 1
1 96 96 3 1 1 1 0.001 1
1 96 96 3 1 1 1 0.001 1
1 96 96 3 1 1 1 0.001 1
1 96 192 1 1 0 1 0.001 1
1 192 192 1 1 0 1 0.001 1
1 384 768 1 1 0 1 0.001 1
1 384 384 3 2 1 1 0.001 1
1 768 1152 1 1 0 1 0.001 1
1 192 384 1 1 0 1 0.001 1
1 192 192 3 1 1 1 0.001 1
1 192 192 3 1 1 1 0.001 1
1 192 192 3 1 1 1 0.001 1
1 192 192 3 1 1 1 0.001 1
1 192 384 1 1 0 1 0.001 1
1 384 384 1 1 0 1 0.001 1
1 192 384 1 1 0 1 0.001 1
1 192 192 3 1 1 1 0.001 1
1 192 192 3 1 1 1 0.001 1
1 192 192 3 1 1 1 0.001 1
1 192 192 3 1 1 1 0.001 1
1 192 384 1 1 0 1 0.001 1
1 384 384 1 1 0 1 0.001 1
1 768 1536 1 1 0 1 0.001 1
1 768 768 3 2 1 1 0.001 1
1 768 1536 1 1 0 1 0.001 1
1 192 384 1 1 0 1 0.001 1
1 192 192 3 1 1 1 0.001 1
1 192 192 3 1 1 1 0.001 1
1 192 192 3 1 1 1 0.001 1
1 192 192 3 1 1 1 0.001 1
1 192 384 1 1 0 1 0.001 1
1 384 384 1 1 0 1 0.001 1
1 192 384 1 1 0 1 0.001 1
1 192 192 3 1 1 1 0.001 1
1 192 192 3 1 1 1 0.001 1
1 192 192 3 1 1 1 0.001 1
1 192 192 3 1 1 1 0.001 1
1 192 384 1 1 0 1 0.001 1
1 384 384 1 1 0 1 0.001 1
1 768 1536 1 1 0 1 0.001 1
1 96 384 3 1 1 1 0.001 1
1 96 96 3 1 1 1 0.001 1
0 64 96 1 1 0 1 0 0
1 384 1 3 1 1 384 0.001 1
1 384 384 1 1 0 1 0.001 1
1 384 1 3 1 1 384 0.001 1
1 384 384 1 1 0 1 0.001 1
0 80 384 1 1 0 1 0 0
1 96 768 3 1 1 1 0.001 1
1 96 96 3 1 1 1 0.001 1
0 64 96 1 1 0 1 0 0
1 768 1 3 1 1 768 0.001 1
1 384 768 1 1 0 1 0.001 1
1 384 1 3 1 1 384 0.001 1
1 384 384 1 1 0 1 0.001 1
0 80 384 1 1 0 1 0 0
1 96 768 3 1 1 1 0.001 1
1 96 96 3 1 1 1 0.001 1
0 64 96 1 1 0 1 0 0
1 768 1 3 1 1 768 0.001 1
1 384 768 1 1 0 1 0.001 1
1 384 1 3 1 1 384 0.001 1
1 384 384 1 1 0 1 0.001 1
0 80 384 1 1 0 1 0 0
